7
9.5
9.7656
9.7813
9.8594
9.8906
9.9375
9.9688
9.9844
10
10.0156
10.0469
10.0625
10.125
10.1406
10.1875
10.2031
10.2188
10.25
10.2656
10.2813
10.3125
10.3281
10.3594
10.3906
10.4063
10.4219
10.4375
10.4531
10.4688
10.5
10.5156
10.5313
10.5625
10.5781
10.5938
10.6094
10.625
10.6563
10.6719
10.6875
10.7031
10.7188
10.7344
10.75
10.7813
10.8125
10.8438
10.875
10.9063
10.9375
10.9688
11
11.0156
11.0313
11.0625
11.0781
11.0938
11.125
11.1406
11.1563
11.1875
11.2188
11.2344
11.25
11.2656
11.2969
11.3125
11.3281
11.375
11.3906
11.4063
11.4219
11.4375
11.4688
11.5
11.5156
11.5313
11.5469
11.5625
11.5938
11.625
11.6406
11.6563
11.7031
11.7188
11.7344
11.75
11.7656
11.7813
11.7969
11.8281
11.8438
11.875
11.8906
11.9063
11.9219
11.9375
11.9531
11.9688
11.9844
12
12.0313
12.0469
12.0625
12.0938
12.1094
12.125
12.1406
12.1563
12.1875
12.2031
12.2188
12.2344
12.25
12.2813
12.2969
12.3125
12.3438
12.3594
12.375
12.3906
12.4063
12.4219
12.4375
12.4688
12.4844
12.5
12.5156
12.5313
12.5469
12.5625
12.5781
12.5938
12.6094
12.625
12.6406
12.6563
12.6719
12.6875
12.7031
12.7188
12.7344
12.75
12.7656
12.7813
12.7969
12.8125
12.8281
12.8438
12.8594
12.875
12.8906
12.9063
12.9219
12.9375
12.9531
12.9688
12.9844
13
13.0156
13.0313
13.0469
13.0625
13.0781
13.0938
13.1094
13.125
13.1406
13.1563
13.1719
13.1875
13.2031
13.2188
13.25
13.2656
13.2813
13.2969
13.3125
13.3281
13.3438
13.3594
13.375
13.4063
13.4219
13.4375
13.4688
13.4844
13.5
13.5156
13.5313
13.5469
13.5625
13.5781
13.5938
13.6094
13.625
13.6406
13.6563
13.6719
13.6875
13.7031
13.7188
13.7344
13.75
13.7656
13.7813
13.7969
13.8125
13.8281
13.8438
13.8594
13.875
13.8906
13.9063
13.9219
13.9375
13.9531
13.9688
13.9844
14
14.0156
14.0313
14.0469
14.0625
14.0938
14.125
14.1406
14.1563
14.1875
14.2031
14.2188
14.2344
14.25
14.2656
14.2813
14.3125
14.3281
14.3438
14.3594
14.375
14.3906
14.4063
14.4219
14.4375
14.4531
14.4688
14.4844
14.5
14.5156
14.5313
14.5469
14.5625
14.5781
14.5938
14.6094
14.625
14.6406
14.6563
14.6719
14.6875
14.7031
14.7188
14.7344
14.75
14.7656
14.7813
14.7969
14.8125
14.8281
14.8438
14.8594
14.875
14.8906
14.9063
14.9219
14.9375
14.9531
14.9688
14.9844
15
15.0156
15.0313
15.0469
15.0625
15.0781
15.0938
15.1094
15.125
15.1406
15.1563
15.1719
15.1875
15.2031
15.2188
15.2344
15.25
15.2656
15.2813
15.2969
15.3125
15.3281
15.3438
15.3594
15.375
15.3906
15.4063
15.4219
15.4375
15.4531
15.4688
15.4844
15.5
15.5156
15.5313
15.5469
15.5625
15.5781
15.5938
15.6094
15.625
15.6406
15.6563
15.6719
15.6875
15.7031
15.7188
15.7344
15.75
15.7656
15.7813
15.7969
15.8125
15.8281
15.8438
15.8594
15.875
15.8906
15.9063
15.9219
15.9375
15.9531
15.9688
15.9844
16
16.0156
16.0313
16.0469
16.0625
16.0781
16.0938
16.1094
16.125
16.1406
16.1563
16.1719
16.1875
16.2031
16.2188
16.2344
16.25
16.2656
16.2813
16.2969
16.3125
16.3281
16.3438
16.3594
16.375
16.3906
16.4063
16.4219
16.4375
16.4531
16.4688
16.4844
16.5
16.5156
16.5313
16.5469
16.5625
16.5781
16.5938
16.6094
16.625
16.6406
16.6563
16.6719
16.6875
16.7031
16.7188
16.7344
16.75
16.7656
16.7813
16.7969
16.8125
16.8281
16.8438
16.8594
16.875
16.8906
16.9063
16.9219
16.9375
16.9531
16.9688
16.9844
17
17.0156
17.0313
17.0469
17.0625
17.0781
17.0938
17.1094
17.125
17.1406
17.1563
17.1719
17.1875
17.2031
17.2188
17.2344
17.25
17.2656
17.2813
17.2969
17.3125
17.3281
17.3438
17.3594
17.375
17.3906
17.4063
17.4219
17.4375
17.4531
17.4688
17.4844
17.5
17.5156
17.5313
17.5469
17.5625
17.5781
17.5938
17.6094
17.625
17.6406
17.6563
17.6719
17.6875
17.7031
17.7188
17.7344
17.75
17.7656
17.7813
17.7969
17.8125
17.8281
17.8438
17.8594
17.875
17.8906
17.9063
17.9219
17.9375
17.9531
17.9688
17.9844
18
18.0313
18.0469
18.0625
18.0938
18.1094
18.125
18.1406
18.1563
18.1719
18.1875
18.2188
18.2344
18.25
18.2656
18.2813
18.3125
18.3281
18.3438
18.3594
18.375
18.3906
18.4063
18.4219
18.4375
18.4531
18.4688
18.4844
18.5
18.5156
18.5313
18.5625
18.5781
18.5938
18.6094
18.625
18.6406
18.6563
18.6719
18.6875
18.7031
18.7188
18.7344
18.75
18.7656
18.7813
18.7969
18.8125
18.8281
18.8438
18.8594
18.875
18.8906
18.9063
18.9219
18.9375
18.9531
18.9688
18.9844
19
19.0156
19.0313
19.0469
19.0625
19.0781
19.0938
19.1094
19.125
19.1406
19.1563
19.1719
19.1875
19.2031
19.2188
19.2344
19.25
19.2656
19.2813
19.2969
19.3125
19.3281
19.3438
19.3594
19.375
19.3906
19.4063
19.4219
19.4375
19.4531
19.4688
19.4844
19.5
19.5156
19.5313
19.5469
19.5625
19.5781
19.5938
19.6094
19.625
19.6406
19.6563
19.6719
19.6875
19.7031
19.7188
19.7344
19.75
19.7656
19.7813
19.7969
19.8125
19.8281
19.8438
19.8594
19.875
19.8906
19.9063
19.9219
19.9375
19.9531
19.9688
19.9844
20
20.0156
20.0313
20.0469
20.0625
20.0781
20.0938
20.1094
20.125
20.1563
20.1719
20.1875
20.2031
20.2188
20.25
20.2656
20.2813
20.2969
20.3125
20.3281
20.3438
20.3594
20.375
20.4063
20.4375
20.4531
20.4688
20.4844
20.5
20.5313
20.5625
20.5781
20.5938
20.625
20.6406
20.6563
20.6719
20.6875
20.7031
20.7188
20.75
20.7656
20.7813
20.8125
20.8438
20.8594
20.875
20.8906
20.9063
20.9219
20.9375
20.9531
20.9688
21
21.0156
21.0313
21.0625
21.0938
21.1094
21.125
21.1563
21.1719
21.1875
21.2031
21.2188
21.25
21.2656
21.2813
21.3125
21.3438
21.3594
21.375
21.4063
21.4375
21.4531
21.4688
21.4844
21.5
21.5156
21.5313
21.5625
21.5781
21.5938
21.6094
21.625
21.6406
21.6563
21.6875
21.7188
21.7344
21.75
21.7813
21.8125
21.8438
21.875
21.8906
21.9063
21.9375
21.9531
21.9688
21.9844
22
22.0313
22.0625
22.0781
22.0938
22.1094
22.125
22.1406
22.1563
22.1719
22.1875
22.2031
22.2188
22.25
22.2813
22.3125
22.3438
22.3594
22.375
22.4063
22.4375
22.4531
22.4688
22.5
22.5313
22.5625
22.5938
22.625
22.6563
22.6875
22.7188
22.75
22.7813
22.8125
22.8438
22.875
22.9063
22.9375
22.9688
23
23.0313
23.0625
23.0938
23.125
23.1563
23.1875
23.2188
23.25
23.2813
23.3125
23.3438
23.375
23.4063
23.4375
23.4688
23.5
23.5313
23.5625
23.5938
23.625
23.6563
23.6875
23.7188
23.75
23.7813
23.8125
23.8281
23.8438
23.875
23.9063
23.9375
23.9688
24
24.0313
24.0625
24.0938
24.125
24.1563
24.1875
24.2188
24.25
24.2813
24.3125
24.3438
24.375
24.4063
24.4375
24.4688
24.5
24.5313
24.5625
24.5938
24.625
24.6563
24.6875
24.7188
24.75
24.7813
24.8125
24.8438
24.875
24.9063
24.9375
24.9688
25
25.0313
25.0625
25.0938
25.125
25.1563
25.1875
25.2188
25.25
25.2813
25.3125
25.3438
25.375
25.4063
25.4375
25.4688
25.5
25.5313
25.5625
25.5938
25.625
25.6563
25.6875
25.7188
25.75
25.7813
25.8125
25.8438
25.875
25.9063
25.9375
25.9688
26
26.0313
26.0625
26.0938
26.125
26.1563
26.1875
26.2188
26.25
26.2813
26.3125
26.3438
26.375
26.4063
26.4375
26.4688
26.5
26.5313
26.5625
26.5938
26.625
26.6563
26.6875
26.7188
26.75
26.7813
26.8125
26.8438
26.875
26.9063
26.9375
26.9688
27
27.0313
27.0625
27.0938
27.1
27.125
27.1563
27.1875
27.2188
27.25
27.2813
27.3125
27.3438
27.375
27.4063
27.4375
27.4688
27.5
27.5313
27.5625
27.5938
27.61
27.625
27.6563
27.6875
27.7188
27.75
27.7813
27.8125
27.8438
27.875
27.9063
27.9375
27.9688
28
28.0313
28.0625
28.0938
28.125
28.1563
28.1875
28.2188
28.25
28.2813
28.3125
28.3438
28.375
28.4063
28.4375
28.4688
28.5
28.5313
28.5625
28.5938
28.625
28.6563
28.6875
28.7188
28.75
28.7813
28.8125
28.8438
28.875
28.9063
28.9375
28.9688
29
29.0313
29.0625
29.0938
29.125
29.1563
29.1875
29.2188
29.25
29.2813
29.3125
29.3438
29.375
29.4063
29.4375
29.4688
29.5
29.5313
29.5625
29.5938
29.625
29.6563
29.6875
29.7188
29.75
29.7813
29.8125
29.8438
29.875
29.9063
29.9375
29.9688
30
30.0313
30.0625
30.0938
30.125
30.1563
30.1875
30.2188
30.25
30.2813
30.3125
30.3438
30.375
30.4063
30.4375
30.4688
30.5
30.5313
30.5625
30.5938
30.625
30.6563
30.6875
30.7188
30.75
30.7813
30.8125
30.8438
30.875
30.9063
30.9375
30.9688
31
31.0313
31.0625
31.0938
31.125
31.1563
31.1875
31.2188
31.25
31.2813
31.3125
31.3438
31.375
31.4063
31.4375
31.4688
31.5
31.5313
31.5625
31.5938
31.625
31.6563
31.6875
31.7188
31.75
31.7813
31.8125
31.8438
31.875
31.9063
31.9375
31.9688
32
32.0313
32.0625
32.0938
32.125
32.1563
32.1875
32.2188
32.25
32.2813
32.3125
32.3438
32.375
32.4063
32.4375
32.4688
32.5
32.5313
32.5625
32.5938
32.625
32.6563
32.6875
32.7188
32.75
32.7813
32.8125
32.8438
32.875
32.9063
32.9375
32.9688
33
33.0313
33.0625
33.0938
33.125
33.1563
33.1875
33.2188
33.25
33.2813
33.3125
33.3438
33.375
33.4063
33.4375
33.4688
33.5
33.5313
33.5625
33.5938
33.625
33.6563
33.6875
33.75
33.7813
33.8438
33.875
33.9063
33.9375
33.9688
34
34.0313
34.0938
34.125
34.1563
34.1875
34.2188
34.25
34.2813
34.3125
34.3438
34.375
34.4063
34.4375
34.4688
34.5
34.5313
34.5625
34.5938
34.625
34.6563
34.6875
34.7188
34.75
34.7813
34.8125
34.8438
34.875
34.9063
34.9375
34.9688
35
35.0313
35.0625
35.0938
35.1875
35.2813
35.3125
35.4375
35.4688
35.5938
35.6875
35.7188
35.75
35.7813
35.8438
35.9063
35.9375
35.9688
36
36.0313
36.0625
36.125
36.1563
36.1875
36.2188
36.25
36.2813
36.3125
36.3438
36.375
36.4375
36.5
36.5313
36.5625
36.5938
36.625
36.6563
36.6875
36.7188
36.75
36.7813
36.8438
36.875
36.9063
37
37.0313
37.0625
37.0938
37.125
37.1563
37.1875
37.2188
37.25
37.2813
37.3125
37.3438
37.375
37.4063
37.4375
37.4688
37.5
37.5313
37.5625
37.5938
37.625
37.6875
37.7188
37.75
37.7813
37.8125
37.8438
37.875
37.9063
37.9375
37.9688
38
38.0625
38.0938
38.125
38.1563
38.1875
38.2188
38.25
38.3125
38.4063
38.4375
38.5
38.5313
38.5625
38.5938
38.6563
38.6875
38.7188
38.75
38.7813
38.8125
38.8438
38.875
38.9063
38.9375
38.9688
39
39.0313
39.0625
39.0938
39.125
39.1563
39.1875
39.2188
39.25
39.3125
39.375
39.4063
39.4375
39.4688
39.5
39.5313
39.5625
39.5938
39.625
39.6563
39.7188
39.7813
39.8125
39.8438
39.875
39.9063
39.9375
39.9688
40
40.0313
40.0625
40.125
40.1563
40.1875
40.2188
40.25
40.2813
40.3125
40.3438
40.375
40.4063
40.4688
40.5
40.5313
40.5938
40.625
40.6563
40.6875
40.7188
40.75
40.8125
40.8438
40.9375
40.9688
41
41.0625
41.0938
41.1563
41.2188
41.2813
41.3125
41.3438
41.375
41.4375
41.5313
41.5625
41.625
41.6875
41.7188
41.75
41.7656
41.8438
41.875
41.9688
42
42.0313
42.0938
42.1875
42.25
42.4688
42.5
42.5938
42.8125
43
43.125
43.1563
43.2188
43.25
43.3125
43.3438
43.375
43.4063
43.4375
43.4688
43.5625
43.625
43.6563
43.6875
43.7813
43.875
44.0625
44.5
44.625
44.8125
44.9375
45
45.0625
45.125
45.3125
45.625
45.9063
45.9375
46.7188
47.25
47.4063
47.625
47.7188
47.875
47.9063
48
48.0625
48.0938
48.125
48.25
48.3125
48.5
48.75
48.8125
48.8438
48.875
49
49.0625
49.0938
49.125
49.1563
49.25
49.3125
49.375
49.4688
49.5
49.5625
49.5938
49.625
49.6875
49.75
49.7813
49.8125
49.9375
49.9688
50
50.0313
50.0625
50.125
50.1875
50.2813
50.4375
50.5313
50.5625
50.625
50.6875
50.75
50.7813
50.8125
50.8438
50.9688
51
51.0313
51.0625
51.1875
51.25
51.2813
51.3125
51.3438
51.375
51.4375
51.5
51.5313
51.5625
51.625
51.6563
51.7188
51.75
51.7813
51.8125
51.875
51.9375
52
52.0313
52.0938
52.125
52.1563
52.1875
52.2188
52.25
52.2813
52.3125
52.3438
52.375
52.4063
52.4688
52.5
52.5313
52.5625
52.5938
52.625
52.75
52.7813
52.8125
52.875
52.9063
53
53.0625
53.0938
53.125
53.1875
53.2188
53.25
53.4063
53.5
53.6875
53.875
53.9063
53.9375
53.9688
54
54.0625
54.1875
54.4063
54.625
54.75
54.875
55
55.0625
55.1875
55.375
55.5
55.5938
55.875
56
56.125
56.2188
56.2813
56.3125
56.4375
56.5
56.5938
56.75
56.8594
56.9375
57.0469
57.0625
57.375
57.4063
57.5
57.5781
57.5938
57.6563
57.7813
57.8438
57.9375
58
58.0313
58.125
58.3125
58.375
58.4375
58.5
58.5313
58.5625
58.5938
58.625
58.6875
58.75
58.9063
58.9688
59
59.1875
59.25
59.4063
59.4375
59.625
59.6563
59.6875
59.75
59.8125
60
60.0313
60.0938
60.125
60.25
60.3594
60.375
60.5
60.875
60.9375
60.9688
61
61.1719
61.25
61.2813
61.75
61.8125
61.9375
62.0156
62.125
62.3125
62.3438
62.4063
62.4688
62.5
62.5625
62.625
62.6875
62.7188
62.75
62.9063
62.9688
63.0156
63.0938
63.2813
63.375
63.4063
63.4219
63.6563
63.7188
63.875
63.9219
63.9375
64
64.0313
64.0625
64.0938
64.2188
64.25
64.2813
64.375
64.4375
64.5625
64.7969
64.875
64.9063
64.9375
64.9688
65
65.25
65.2813
65.4375
65.7188
65.9844
66.0313
66.25
66.375
66.4063
66.6875
66.75
66.8125
67.0469
67.5938
67.875
67.9063
67.9688
68.25
68.4844
68.5
68.5781
68.5938
68.75
68.7656
68.9375
69.0156
69.1719
69.2031
69.3438
69.4063
69.5469
69.6719
69.6875
69.7031
70.0469
70.4063
70.5156
70.6875
70.7813
70.9063
71
71.1875
71.2969
71.3438
71.5313
71.5781
71.6094
71.75
71.7656
71.7969
71.8281
71.875
71.9063
72
72.0156
72.0469
72.0938
72.1875
72.2031
72.3125
72.3438
72.5
72.625
73.0938
73.1563
73.2031
73.2813
73.2969
73.3438
73.5
73.6875
73.7344
73.875
73.9375
74.0156
74.0313
74.1875
74.2031
74.25
74.2969
74.3438
74.375
74.4844
74.5
74.5625
74.5938
74.6094
74.6563
74.6719
74.7344
74.7656
74.7969
74.8906
74.9219
74.9375
74.9688
74.9844
75
75.0469
75.1875
75.2656
75.2969
75.3438
75.375
75.4063
75.4375
75.4844
75.5
75.5469
75.5938
75.6875
75.7031
75.7969
75.8125
75.8594
75.9063
75.9375
76
76.0625
76.1719
76.25
76.2969
76.3594
76.375
76.3906
76.4063
76.4688
76.5
76.5156
76.5469
76.5625
76.625
76.6563
76.7031
76.7344
76.7969
76.8125
76.8438
76.9375
77.0156
77.0313
77.0469
77.0625
77.0781
77.0938
77.1406
77.1563
77.1875
77.2344
77.2656
77.2813
77.2969
77.3281
77.3438
77.3594
77.375
77.3906
77.4063
77.4531
77.5
77.5156
77.5625
77.5938
77.625
77.6719
77.7031
77.7344
77.9063
77.9531
77.9844
78
78.1094
78.1875
78.2031
78.2969
78.375
78.4219
78.4375
78.4531
78.5
78.5625
78.6563
78.6719
78.7031
78.7188
78.7344
78.75
78.9375
78.9531
78.9844
79
79.0156
79.0469
79.0625
79.125
79.1563
79.1875
79.2813
79.2969
79.3125
79.3281
79.3438
79.4219
79.4375
79.4531
79.5
79.5156
79.5469
79.5938
79.6563
79.6875
79.7031
79.75
79.7656
79.7813
79.7969
79.8125
79.8281
79.8438
79.9063
79.9375
79.9531
79.9688
80
80.0156
80.0469
80.0625
80.0938
80.1094
80.1406
80.1563
80.1719
80.2031
80.2188
80.2344
80.2656
80.2813
80.2969
80.3125
80.3281
80.3594
80.375
80.4063
80.4375
80.4531
80.4688
80.4844
80.5
80.5469
80.5625
80.625
80.6563
80.6875
80.7031
80.7188
80.75
80.7969
80.8438
80.875
80.9063
80.9531
80.9844
81
81.0156
81.0469
81.0625
81.0938
81.125
81.1406
81.1563
81.2031
81.2344
81.25
81.2656
81.2969
81.3125
81.3281
81.3438
81.3594
81.375
81.4063
81.4219
81.4375
81.4531
81.4844
81.5156
81.5469
81.5625
81.5938
81.6094
81.625
81.6406
81.6563
81.6875
81.7031
81.75
81.7813
81.7969
81.8125
81.8438
81.8594
81.875
81.9063
81.9375
81.9531
81.9844
82
82.0156
82.0313
82.0625
82.0781
82.0938
82.1094
82.125
82.1563
82.1875
82.2031
82.2344
82.25
82.2969
82.3125
82.3438
82.375
82.3906
82.4063
82.4219
82.4375
82.4531
82.4688
82.4844
82.5
82.5469
82.5625
82.5938
82.625
82.6563
82.6719
82.6875
82.7031
82.75
82.7656
82.7969
82.8438
82.875
82.8906
82.9063
82.9688
82.9844
83
83.0313
83.0469
83.0625
83.0781
83.0938
83.125
83.1563
83.1719
83.1875
83.2031
83.2188
83.2344
83.2813
83.2969
83.3125
83.3281
83.3438
83.3594
83.375
83.4219
83.4375
83.4531
83.4688
83.4844
83.5
83.5156
83.5313
83.5469
83.5625
83.5781
83.5938
83.6094
83.625
83.6406
83.6563
83.6875
83.7031
83.7188
83.7344
83.7656
83.7969
83.8125
83.8594
83.875
83.8906
83.9063
83.9531
83.9688
83.9844
84
84.0156
84.0313
84.0469
84.0625
84.0938
84.125
84.1563
84.1719
84.1875
84.2031
84.2188
84.25
84.2656
84.2813
84.2969
84.3125
84.3438
84.3594
84.3906
84.4063
84.4375
84.4531
84.4844
84.5
84.5469
84.5625
84.5938
84.6563
84.6875
84.7031
84.7188
84.7344
84.75
84.7813
84.8125
84.8438
84.875
84.8906
84.9063
84.9219
84.9375
84.9531
84.9688
84.9844
85
85.0625
85.0938
85.125
85.1875
85.2031
85.25
85.2656
85.2969
85.3438
85.4219
85.4531
85.4688
85.4844
85.5
85.5313
85.5938
85.625
85.6563
85.6875
85.7031
85.7188
85.7344
85.75
85.7656
85.7813
85.8125
85.8438
85.8594
85.875
85.8906
85.9219
85.9375
85.9531
85.9688
86
86.0469
86.0625
86.0781
86.0938
86.125
86.1875
86.2031
86.25
86.3281
86.3594
86.375
86.4063
86.4375
86.4531
86.4844
86.5
86.5156
86.5469
86.625
86.6875
86.7031
86.7188
86.7344
86.7656
86.8125
86.875
86.8906
86.9219
86.9531
86.9688
87
87.0469
87.0625
87.0938
87.125
87.1563
87.1875
87.2969
87.3125
87.3281
87.3438
87.3594
87.3906
87.4063
87.4219
87.5
87.5156
87.5469
87.5625
87.5938
87.625
87.6875
87.7031
87.7344
87.7656
87.8125
87.8438
87.9063
87.9219
87.9375
87.9844
88.0156
88.0469
88.0938
88.125
88.1563
88.1719
88.1875
88.2656
88.2969
88.3125
88.3281
88.3438
88.3594
88.375
88.3906
88.4219
88.4375
88.4531
88.4688
88.4844
88.5
88.5156
88.5781
88.5938
88.625
88.6406
88.6563
88.7031
88.7188
88.7969
88.8125
88.875
88.9063
88.9375
88.9531
88.9688
88.9844
89
89.0156
89.0313
89.0469
89.0625
89.0781
89.0938
89.1094
89.125
89.1406
89.1563
89.1875
89.2031
89.2344
89.25
89.2813
89.3438
89.3594
89.375
89.4063
89.4219
89.4375
89.4531
89.4844
89.5
89.5156
89.5469
89.5625
89.6563
89.6875
89.7031
89.75
89.7969
89.8594
89.875
89.9063
89.9531
89.9844
90
90.0156
90.0469
90.0625
90.0781
90.0938
90.1094
90.125
90.25
90.2969
90.3125
90.3438
90.375
90.4063
90.4375
90.4531
90.4688
90.5
90.5156
90.5469
90.5938
90.625
90.6406
90.6563
90.6875
90.7031
90.7344
90.75
90.7969
91
91.0156
91.0469
91.0938
91.1094
91.125
91.1875
91.2031
91.25
91.2656
91.2813
91.2969
91.3125
91.3438
91.375
91.3906
91.4219
91.4375
91.5
91.5156
91.5469
91.5625
91.5938
91.625
91.7031
91.7188
91.7344
91.7656
91.7969
91.8125
91.8438
91.9063
91.9375
91.9531
91.9688
91.9844
92
92.0938
92.1094
92.125
92.1875
92.2656
92.2813
92.3125
92.3438
92.375
92.3906
92.4063
92.4375
92.4531
92.4688
92.5
92.5313
92.5625
92.5781
92.625
92.6406
92.6563
92.6719
92.6875
92.7031
92.7188
92.7344
92.75
92.7656
92.7813
92.7969
92.8125
92.8438
92.875
92.8906
92.9063
92.9219
93
93.0469
93.0625
93.0781
93.0938
93.125
93.1406
93.1563
93.1875
93.2031
93.25
93.2656
93.2813
93.2969
93.3125
93.3438
93.375
93.3906
93.4063
93.4219
93.4375
93.5
93.5156
93.5469
93.5625
93.6094
93.625
93.6875
93.7031
93.7344
93.75
93.7656
93.7813
93.8125
93.8594
93.875
93.9375
93.9688
93.9844
94
94.0156
94.0625
94.0938
94.125
94.1875
94.2031
94.2344
94.2969
94.3281
94.375
94.4375
94.4531
94.5156
94.5313
94.5938
94.625
94.6875
94.7188
94.75
94.7969
94.8125
94.8906
94.9063
94.9375
95
95.0625
95.0938
95.1094
95.2031
95.2813
95.3125
95.375
95.4375
95.4531
95.5
95.5625
95.625
95.6875
95.75
95.7656
95.7813
95.875
95.9219
95.9531
96
96.0938
96.125
96.1875
96.2031
96.375
96.3906
96.4063
96.4375
96.4531
96.4688
96.5
96.5469
96.5938
96.6563
96.6719
96.6875
96.7031
96.75
96.7969
96.8125
96.8438
96.9531
97
97.0156
97.0469
97.0781
97.0938
97.1406
97.1563
97.25
97.3125
97.3281
97.375
97.4375
97.4531
97.5
97.5156
97.6094
97.6719
97.7031
97.7188
97.75
97.7969
97.8281
97.875
97.9063
97.9375
98
98.0156
98.125
98.1875
98.25
98.2969
98.375
98.4219
98.4375
98.4531
98.5
98.5625
98.5781
98.7969
98.8594
98.9375
98.9531
99.0625
99.2344
99.2969
99.3125
99.375
99.3906
99.4063
99.4375
99.5
99.5469
99.6094
99.6875
99.7031
99.8125
99.8438
99.875
99.9375
99.9531
100
100.125
100.1875
100.3125
100.3438
100.3594
100.5
100.8438
100.9531
101.2656
101.4844
101.75
101.8438
101.8906
101.9375
101.9531
102
102.25
102.3125
102.4063
102.5
102.5625
102.6563
102.75
102.8594
102.8906
102.9063
103
103.0156
103.0625
103.125
103.25
103.3125
103.375
103.3906
103.5625
103.7031
103.75
103.8438
103.9063
103.9375
103.9531
104
104.0625
104.0781
104.0938
104.125
104.1875
104.2813
104.4375
104.5156
104.5938
104.625
104.6875
104.7031
104.7188
104.75
104.8125
104.8906
104.9375
104.9531
104.9844
105
105.0156
105.0625
105.0938
105.2031
105.2344
105.25
105.3125
105.5
105.5469
105.5625
105.5938
105.6719
105.7031
105.75
105.8125
105.8438
105.8594
105.9063
106
106.0625
106.125
106.2031
106.25
106.2969
106.3438
106.4375
106.5
106.5156
106.5625
106.5938
106.625
106.7813
106.7969
106.8594
106.9375
106.9844
107
107.0625
107.125
107.1875
107.25
107.375
107.4844
107.5
107.5625
107.625
107.6875
107.75
107.8125
107.875
107.8906
107.9063
108
108.0625
108.125
108.1563
108.1875
108.3125
108.375
108.5
108.5313
108.5625
108.625
108.6563
108.7188
108.75
108.7969
108.8125
108.875
108.9375
109
109.0625
109.1875
109.25
109.2813
109.3125
109.5
109.5625
109.625
109.75
109.8125
109.875
109.8906
109.9375
109.9688
110
110.0625
110.125
110.25
110.3125
110.4375
110.5
110.5625
110.5938
110.625
110.6563
110.75
110.9375
111
111.125
111.1563
111.25
111.375
111.5
111.5625
111.75
111.7969
111.8125
111.875
112
112.0625
112.0938
112.125
112.1563
112.25
112.375
112.4375
112.5
112.5625
112.5938
112.625
112.6563
112.6719
112.75
112.875
112.8906
112.9375
112.9844
113
113.0469
113.0938
113.1875
113.5
113.5156
113.5781
113.5938
113.6406
113.6875
113.7031
113.7344
113.75
113.8125
113.8438
114
114.0625
114.0781
114.125
114.1875
114.2031
114.25
114.2656
114.3125
114.3438
114.375
114.4375
114.4688
114.5
114.5625
114.75
114.8281
114.8438
114.8594
114.875
115
115.0625
115.0938
115.125
115.1406
115.1875
115.2031
115.25
115.3125
115.3438
115.375
115.4063
115.4375
115.5
115.5938
115.625
115.75
115.7969
115.8594
115.875
115.9063
116
116.0625
116.0938
116.3125
116.3281
116.375
116.4375
116.5
116.5469
116.625
116.6406
116.7031
116.75
116.8125
116.875
116.9375
116.9688
116.9844
117
117.125
117.25
117.3594
117.375
117.4063
117.4375
117.5
117.7031
117.75
117.7969
117.8125
117.9375
118
118.0156
118.0469
118.125
118.25
118.5
118.5156
118.5625
118.75
118.8125
118.8438
118.875
119
119.0469
119.125
119.1875
119.25
119.3125
119.375
119.5
119.5938
119.625
119.6563
119.6875
119.75
119.8438
119.875
119.9063
120.0625
120.125
120.1406
120.1875
120.25
120.3125
120.4063
120.4375
120.5
120.625
120.6875
120.75
120.9531
121
121.0938
121.125
121.1875
121.3438
121.375
121.4063
121.4375
121.4531
121.5
121.75
121.875
122
122.125
122.1406
122.1875
122.2031
122.25
122.375
122.4063
122.5
122.5625
122.7031
122.75
122.9063
122.9375
123
123.125
123.1875
123.2031
123.25
123.3125
123.375
123.5
123.625
123.6563
123.875
123.8906
124
124.0469
124.375
124.4375
124.4844
124.5625
124.625
124.7031
124.75
124.8125
125
125.0625
125.125
125.1875
125.375
125.5938
125.6875
125.875
126.25
126.875
127.125
127.25
127.3125
127.375
128.25
128.375
128.5
128.875
129
129.25
129.5
130
130.125
130.3125
130.75
131
131.1875
131.4375
131.9375
132
132.25
132.375
132.8125
132.875
133.3125
133.375
133.625
134
134.1875
134.75
135
136.25
136.3125
137.25
137.375
137.8125
137.875
525.62
